[soe][Equalizer#0]
numBands=10

[soe][Equalizer#0#left]
band0Frequency=74
band0Gain=-3
band0Mode=6
band0Q=5
band10Type=0
band11Type=0
band12Type=0
band13Type=0
band14Type=0
band15Type=0
band16Type=0
band17Type=0
band18Type=0
band19Type=0
band1Frequency=153
band1Gain=-14.899999618530273
band1Mode=6
band1Q=1.440000057220459
band20Type=0
band21Type=0
band22Type=0
band23Type=0
band24Type=0
band25Type=0
band26Type=0
band27Type=0
band28Type=0
band29Type=0
band2Frequency=177
band2Gain=6
band2Mode=6
band2Q=4.050000190734863
band30Type=0
band31Type=0
band3Frequency=646
band3Gain=-2.299999952316284
band3Mode=6
band3Q=1
band4Frequency=780
band4Gain=-4.900000095367432
band4Mode=6
band4Q=1.909999966621399
band5Frequency=2339
band5Gain=2
band5Mode=6
band5Q=1.0499999523162842
band6Frequency=3445
band6Gain=-5.300000190734863
band6Mode=6
band6Q=1.8799999952316284
band7Frequency=6618
band7Gain=-5.199999809265137
band7Mode=6
band7Q=4.880000114440918
band8Frequency=12345
band8Gain=-3.9000000953674316
band8Mode=6
band8Q=1
band9Frequency=17007
band9Gain=-5.099999904632568
band9Mode=6
band9Q=1.2899999618530273

[soe][Equalizer#0#right]
band0Frequency=74
band0Gain=-3
band0Mode=6
band0Q=5
band10Type=0
band11Type=0
band12Type=0
band13Type=0
band14Type=0
band15Type=0
band16Type=0
band17Type=0
band18Type=0
band19Type=0
band1Frequency=153
band1Gain=-14.899999618530273
band1Mode=6
band1Q=1.440000057220459
band20Type=0
band21Type=0
band22Type=0
band23Type=0
band24Type=0
band25Type=0
band26Type=0
band27Type=0
band28Type=0
band29Type=0
band2Frequency=177
band2Gain=6
band2Mode=6
band2Q=4.050000190734863
band30Type=0
band31Type=0
band3Frequency=646
band3Gain=-2.299999952316284
band3Mode=6
band3Q=1
band4Frequency=780
band4Gain=-4.900000095367432
band4Mode=6
band4Q=1.909999966621399
band5Frequency=2339
band5Gain=2
band5Mode=6
band5Q=1.0499999523162842
band6Frequency=3445
band6Gain=-5.300000190734863
band6Mode=6
band6Q=1.8799999952316284
band7Frequency=6618
band7Gain=-5.199999809265137
band7Mode=6
band7Q=4.880000114440918
band8Frequency=12345
band8Gain=-3.9000000953674316
band8Mode=6
band8Q=1
band9Frequency=17007
band9Gain=-5.099999904632568
band9Mode=6
band9Q=1.2899999618530273
